2018/05/21 18:01:25 33.1;450.8;35.3;41.3;70;
2018/05/21 18:02:34 32.8;432.3;25.3;46.3;90;
2018/05/21 18:04:45 35.1;442.9;23.3;43.3;40;
2018/05/21 18:10:25 33.1;450.8;35.3;41.3;70;
2018/05/21 18:11:34 32.8;432.3;25.3;46.3;90;
2018/05/21 18:32:45 35.1;442.9;23.3;43.3;40;
2018/05/21 18:01:25 33.1;450.8;35.3;41.3;70;
2018/05/21 19:02:34 32.8;432.3;25.3;46.3;90;
2018/05/21 19:04:45 35.1;442.9;23.3;43.3;40;
2018/05/22 08:01:25 33.1;450.8;35.3;41.3;70;
2018/05/22 08:22:34 32.8;432.3;25.3;46.3;90;
2018/05/22 08:54:45 35.1;442.9;23.3;43.3;40;
2018/05/22 08:01:25 33.1;450.8;35.3;41.3;70;
2018/05/23 08:22:34 32.8;432.3;25.3;46.3;90;
2018/05/23 08:54:45 35.1;442.9;23.3;43.3;40;
